1 46 12 0 5.6 79 50 4.4 19 119 22.6 1
0 27 3 1 12.5 58 15 7.3 26 120 31.2 1
0 25 6 0 11.5 77 15 8.9 16.1 93 15 1
0 48 3 0 15.6 29 2 4.5 28.7 186 53.4 1
1 26 0.5 0 7.6 80 45 6.1 17.1 101 17.2 3
0 32 5 1 11.9 56 100 6.7 13.6 150 20.4 1
0 26 2 1 6.1 19 8 1.2 14.8 58 8.6 1
1 28 2 1 6 36 40 2.2 20.4 65 13.3 1
0 55 30 0 16.8 118 12 19.8 40.4 172 69.6 1
0 21 5 3 20.9 111 32 23.2 34.5 270 93.1 2
0 37 2 0 12.6 152 30 19.2 38.7 202 78.2 1
0 48 5 2 2.3 73 6 1.7 5.5 199 10.9 2
0 43 20 3 8.1 97 32 7.8 11 120 13.2 2
0 30 2 0 10 15 15 1.5 18.8 121 22.7 1
0 49 14 2 11.7 118 38 13.8 23.2 266 52.5 1
0 27 3 1 9.5 154 25 14.6 13.5 141 19.1 1
0 28 10 0 20.9 178 26 36.1 23.3 214 49.8 1
1 40 4 0 8.1 62 17 5 5.6 41 2.3 4
0 60 20 0 13.4 107 27 14.3 19 335 63.5 1
0 22 4 0 3.5 176 40 6.1 5.6 190 10.6 2
0 21 4 0 1 155 66 1.6 2.6 160 4.2 1
0 21 6 4 4 360 210 14.4 3.4 211 7.1 1
0 28 0 1 6 152 15 9.2 9.8 227 22.3 1
0 31 2 3 1.8 60 10 1.1 12.3 117 14.4 3
0 37 3 0 8.5 94 20 8 17.3 188 32.6 1
0 22 2 0 8.3 111 28 9.2 20.8 192 39.8 1
0 43 5 0 1.9 401 53 7.5 16.3 94 15.2 1
1 59 1 0 4.8 30 12 1.4 9.3 27 5.2 1
0 32 3 0 2.8 164 35 4.5 10.3 178 18.3 1
0 34 8 0 6.3 82 13 5.2 7.4 130 9.6 1
0 51 1 0 8.6 87 25 7.5 13.7 230 31.4 1
0 41 20 0 2.6 29 15 0.8 6.1 108 6.6 1
1 50 5 1 2.5 44 120 1.1 4.2 49 2.1 1
0 24 2 0 14.1 160 22 22.5 21.2 209 44.4 1
0 32 3 0 9 122 45 10.9 15.7 223 35 1
0 30 8 0 8.5 121 26 10.3 5.7 261 11.4 1
0 63 2 0 5.8 60 34 3.5 8.7 133 11.5 1
0 30 2 1 1.7 171 60 2.8 4.7 139 6.6 1
0 21 4 0 14.7 182 31 26.8 27.5 379 104.2 4
0 42 6 0 6.8 319 254 21.8 9.7 266 25.7 1
0 71 4 2 2 34 27 1.1 4.2 185 7.8 4
0 34 2 0 4.1 212 32 8.7 5.3 154 8.1 4
0 54 2 3 5.3 166 124 8.7 6.8 236 16 3
0 60 0 1 11.4 127 30 14.5 9.3 148 13.8 2
0 33 2 2 8.7 135 54 11.8 29 186 53.8 2
0 40 20 1 11.6 123 88 14.2 22 152 33.3 1
1 32 10 1 10.3 120 20 12.3 11.9 135 16.1 1
0 37 3 0 7.5 86 21 6.4 15 189 28.3 1
1 31 5 3 4 56 43 2.2 7.4 137 10.2 1
0 25 7 3 2.2 184 10 4.1 5.4 459 24.7 1
1 27 1 3 3.1 140 60 4.4 6.6 167 11 2
0 56 15 1 8.3 60 17 5 11.4 72 8.2 1
0 23 2 0 6 133 26 8 11.5 113 13 1
0 33 14 0 2.9 191 23 5.6 15.5 136 21.1 2
0 56 6 3 5.6 140 35 7.9 12.5 129 16.1 1
1 27 7 1 7.1 270 180 19.1 11.2 345 38.7 1
0 51 3 1 3.5 111 50 3.8 15.1 212 32 1
0 31 0.5 3 4.7 525 105 24.7 10.8 627 67.7 1
0 50 8 4 10.6 185 21 19.6 25.3 224 56.6 4
1 31 12 0 2 45 63 0.9 7.1 165 11.7 1
1 47 2 0 26.1 68 46 17.7 28 307 86 1
0 34 4 2 8.8 95 32 8.3 11.8 183 21.6 2
0 42 1 3 3.7 514 75 19.2 12.5 312 39.1 4
0 27 2 2 4 96 14 3.8 14.9 69 10.3 4
1 32 0.5 0 7.8 69 78 5.4 16.7 51 8.5 3
1 35 3 0 2.3 43 28 1 8.3 90 7.5 1
0 36 10 0 3.2 79 38 2.6 9.2 165 15.2 1
0 34 2 0 5.5 108 80 6 11.1 121 13.4 1
0 27 4 0 3.3 159 72 5.2 5 127 6.3 1
1 32 7 0 6.1 43 74 2.6 10.8 326 35.1 1
1 47 15 2 2.2 112 35 2.4 16.7 53 8.7 1
0 35 7 0 4.4 118 38 5.2 5.7 129 7.4 1
0 28 15 4 7.3 23 110 1.7 9.8 21 20.6 2
0 45 24 0 1.4 60 28 0.9 7.1 146 10.3 1
1 27 10 0 21 187 225 39.1 39.1 387 151.4 4
0 27 4 0 10.6 127 30 14 11 430 45.6 1
0 26 3 0 3.8 283 43 11 11.7 260 30.3 1
0 27 4 0 4.6 79 20 3.6 8.7 184 16.1 1
0 28 1 1 1 214 40 2.1 8.6 442 37.9 3
0 50 32 0 5.1 171 30 8.8 5.1 135 7 2
0 28 11 0 4.3 145 65 6.3 6 196 11.8 4
0 27 4 0 6 225 50 13.6 18.8 129 24.2 3
0 48 10 0 11 102 20 11.2 16.3 142 23.2 1
0 30 10 0 9.4 249 70 23.5 18.6 194 36.1 1
1 34 15 0 15.9 136 60 21.6 17.8 184 32.8 1
0 22 3 0 10.6 198 30 20.9 11.9 188 22.4 2
0 30 5 0 8.6 155 37 13.3 13.9 232 32.1 2
0 51 1 1 14.9 80 20 11.9 20.7 128 26.5 1
1 30 10 0 6.8 136 100 9.3 20.7 128 26.5 1
0 30 5 0 7.4 213 90 15.7 10.5 266 28 2
0 35 4 0 3.8 57 116 2.2 10.4 191 19.8 1
0 30 10 0 7.6 158 22 12 12.1 169 20.4 4
0 43 6 0 3.1 122 15 3.8 1.6 208 3.4 1
0 42 10 0 11.7 159 132 18.6 19.6 127 24.9 1
1 45 12 0 52 53 32 2.7 13.8 286 39.5 4
0 34 1.5 1 4.5 104 70 4.6 12.4 263 32.6 2
0 36 5 0 7.1 110 26 7.9 13.5 277 37.4 1
0 30 9 0 4.3 134 55 5.8 8.8 336 29.6 1
0 31 5 2 2.5 19 134 0.48 9.1 149 13.5 1
0 25 9 0 8.2 60 78 4.9 14.2 151 21.4 1
0 30 10 1 1.5 122 80 1.9 5.3 220 11.6 4
0 33 5 2 5.7 68 10 3.9 6.4 245 15.6 1
0 32 2 0 6 187 60 11.2 11 285 31.4 2
0 45 22 2 8.7 80 90 7 42.3 270 114.3 1
0 38 2 0 5.8 58 8 3.4 7.1 148 10.6 4
1 56 0.83 0 8.8 73 30 6.4 20 68 13.7 1
1 45 11 0 6.3 50 105 3.1 13.2 91 12 4
0 32 2 1 8.9 143 75 12.8 10.9 280 30.4 1
0 60 2 0 4.2 195 50 8.1 6.5 265 17.3 3
1 44 3 2 3.7 86 5 3.2 7.7 170 13.1 2
0 49 4 0 6.3 180 15 11.4 21 115 84.2 1
1 28 10 0 9.5 98 60 9.3 14.7 134 19.7 1
0 26 2 0 8.3 82 60 6.8 26.3 330 86.9 1
0 39 5 0 7.5 137 14 10.3 10.7 160 17.1 1
0 49 9 0 3.1 150 40 4.6 7 261 18.4 1
0 30 1 1 17.4 76 29 13.2 24.8 229 56.7 1
0 52 4 1 5.7 45 27 2.6 15.4 242 37.2 1
0 45 3 0 5.2 67 128 3.5 11.8 230 27.1 3
0 53 7 0 7.4 68 30 5 8.7 140 12.2 1
0 29 6 0 15.7 120 40 18.8 12.3 220 27 2
0 28 4 0 8.9 88 28 7.8 12.3 163 20 2
0 38 5 2 1 128 6 1.3 5.8 145 8.4 1
